937	937	1.0
916	916	0.46
621	621	0.395
1056	1056	0.333
1056	916	0.227
608	608	0.159
1245	916	0.147
1031	1031	0.131
144	144	0.124
1313	1313	0.104
916	1056	0.086
1253	1253	0.082
607	607	0.079
515	515	0.064
227	916	0.061
1056	515	0.057
1245	1245	0.054
1015	1015	0.053
376	376	0.05
852	852	0.049
227	227	0.049
246	246	0.049
1292	916	0.049
1252	1252	0.047
556	556	0.044
333	333	0.04
1245	1056	0.036
1056	852	0.036
937	621	0.03
916	1245	0.029
333	608	0.029
916	621	0.029
1056	621	0.029
74	74	0.028
1190	1190	0.025
621	916	0.024
753	753	0.024
919	919	0.023
1289	1289	0.022
227	1056	0.022
281	281	0.022
1190	916	0.022
1056	376	0.021
1257	1257	0.02
77	77	0.02
1015	916	0.02
1015	621	0.019
1056	227	0.019
621	937	0.019
1257	916	0.018
826	826	0.018
904	904	0.018
1056	608	0.018
916	227	0.018
156	156	0.018
1292	1292	0.017
1223	916	0.016
832	832	0.016
916	1190	0.016
64	1031	0.015
15	916	0.013
144	621	0.013
1056	144	0.013
919	916	0.013
276	276	0.013
621	1056	0.013
832	916	0.012
1292	1056	0.012
1056	1015	0.012
515	376	0.012
916	1292	0.012
916	608	0.012
372	372	0.012
1056	1190	0.011
144	376	0.011
1015	1056	0.011
916	1031	0.011
211	1252	0.011
406	406	0.011
916	1015	0.011
1289	1031	0.011
916	753	0.01
852	916	0.01
281	916	0.01
77	916	0.01
832	1257	0.01
1056	607	0.01
916	376	0.01
153	1252	0.01
1260	1056	0.01
65	65	0.01
1299	1299	0.01
1056	77	0.01
74	515	0.01
275	916	0.01
153	1015	0.01
1056	1031	0.01
883	1031	0.01
916	852	0.009
1056	937	0.009
160	160	0.009
1229	1229	0.009
1056	753	0.009
376	621	0.009
608	937	0.009
937	608	0.009
310	1031	0.009
621	1252	0.008
246	621	0.008
621	608	0.008
144	515	0.008
515	1056	0.008
772	772	0.008
1056	1313	0.008
376	916	0.008
852	621	0.008
607	916	0.008
758	916	0.007
227	852	0.007
1296	916	0.007
608	333	0.007
5	5	0.007
1296	1056	0.007
1296	1296	0.007
772	916	0.007
772	1056	0.007
1260	916	0.007
1260	1260	0.007
1056	1245	0.007
144	1056	0.007
1203	1056	0.007
955	955	0.007
227	621	0.007
1176	1176	0.007
1031	916	0.007
753	916	0.007
1257	621	0.007
515	607	0.007
621	1015	0.007
852	1056	0.007
981	981	0.007
621	753	0.006
916	1257	0.006
795	1031	0.006
852	376	0.006
621	376	0.006
1245	621	0.006
281	1056	0.006
1076	1076	0.006
776	937	0.006
1257	753	0.006
650	650	0.006
144	608	0.006
916	515	0.006
144	607	0.006
959	916	0.006
937	916	0.006
114	1252	0.006
1240	916	0.006
156	515	0.006
1100	1100	0.006
318	318	0.006
753	621	0.006
1056	1292	0.006
916	607	0.006
556	621	0.006
916	919	0.005
381	1056	0.005
621	246	0.005
916	77	0.005
875	1031	0.005
909	909	0.005
832	227	0.005
1253	621	0.005
1257	1056	0.005
1257	832	0.005
481	481	0.005
621	1031	0.005
621	144	0.005
518	518	0.005
607	376	0.005
937	1056	0.005
153	153	0.005
607	1056	0.005
1056	1296	0.005
1190	1056	0.005
780	1056	0.005
607	608	0.005
1245	1190	0.005
1245	227	0.005
621	607	0.005
77	1056	0.005
515	916	0.005
875	875	0.005
607	515	0.005
281	852	0.004
144	937	0.004
144	246	0.004
916	937	0.004
1031	1056	0.004
1101	1101	0.004
937	227	0.004
621	1253	0.004
184	916	0.004
849	621	0.004
1031	621	0.004
1245	852	0.004
77	621	0.004
1056	281	0.004
832	1056	0.004
454	454	0.004
156	826	0.004
1223	1223	0.004
753	1056	0.004
459	916	0.004
916	1223	0.004
281	515	0.004
515	621	0.004
1223	1056	0.004
1031	1299	0.004
515	144	0.004
883	883	0.004
320	1031	0.004
1056	826	0.004
74	826	0.004
1292	621	0.004
937	246	0.004
621	852	0.004
1056	1260	0.004
849	916	0.004
621	515	0.004
607	77	0.004
1245	608	0.004
937	852	0.004
773	773	0.004
852	227	0.004
608	227	0.004
916	15	0.004
144	916	0.004
1056	246	0.004
153	621	0.004
160	916	0.004
582	1031	0.004
1203	916	0.004
608	916	0.004
1101	318	0.004
1056	1257	0.004
608	621	0.004
916	281	0.004
276	621	0.004
74	156	0.004
15	15	0.004
985	1031	0.004
1203	1203	0.004
227	608	0.004
607	621	0.004
408	1031	0.003
459	459	0.003
792	792	0.003
515	608	0.003
184	1252	0.003
275	275	0.003
15	1056	0.003
374	916	0.003
1245	515	0.003
1245	753	0.003
1289	481	0.003
798	981	0.003
1245	1292	0.003
1056	772	0.003
915	1056	0.003
1015	153	0.003
156	607	0.003
916	832	0.003
5	916	0.003
470	470	0.003
276	916	0.003
1056	156	0.003
613	916	0.003
855	1031	0.003
246	937	0.003
333	826	0.003
281	227	0.003
1313	937	0.003
916	1252	0.003
227	1245	0.003
608	1056	0.003
376	826	0.003
1146	621	0.003
1056	1253	0.003
494	494	0.003
621	227	0.003
144	1313	0.003
376	608	0.003
74	607	0.003
916	275	0.003
1299	1031	0.003
1257	852	0.003
1015	852	0.003
320	320	0.003
333	916	0.003
144	156	0.003
1245	1015	0.003
566	1031	0.003
459	1056	0.003
64	64	0.003
227	937	0.003
333	621	0.003
376	852	0.003
310	310	0.003
780	916	0.003
1245	1031	0.003
862	916	0.003
144	77	0.003
400	400	0.003
184	184	0.003
955	227	0.003
608	607	0.003
1296	515	0.003
1015	608	0.003
1146	1146	0.003
376	1056	0.003
275	1056	0.003
906	906	0.003
376	515	0.003
74	333	0.003
959	959	0.002
883	916	0.002
826	621	0.002
1292	227	0.002
682	1031	0.002
276	1056	0.002
376	144	0.002
826	376	0.002
1292	1245	0.002
477	477	0.002
247	247	0.002
832	621	0.002
518	227	0.002
621	1257	0.002
1245	376	0.002
1092	1092	0.002
144	826	0.002
254	1031	0.002
77	608	0.002
937	1313	0.002
608	515	0.002
333	227	0.002
74	608	0.002
832	753	0.002
621	77	0.002
553	1252	0.002
1245	1257	0.002
582	582	0.002
1030	1031	0.002
852	937	0.002
780	780	0.002
955	1056	0.002
1190	607	0.002
276	852	0.002
1260	1245	0.002
227	1015	0.002
1289	1299	0.002
381	916	0.002
227	376	0.002
515	74	0.002
666	666	0.002
77	144	0.002
904	1100	0.002
32	1004	0.002
662	662	0.002
852	826	0.002
1056	74	0.002
915	916	0.002
937	144	0.002
227	1190	0.002
227	515	0.002
144	1031	0.002
515	77	0.002
916	1313	0.002
459	621	0.002
1203	515	0.002
915	915	0.002
1313	1056	0.002
376	607	0.002
32	32	0.002
955	852	0.002
758	621	0.002
114	114	0.002
916	959	0.002
582	1299	0.002
862	1257	0.002
832	852	0.002
227	1031	0.002
621	1313	0.002
333	376	0.002
916	1253	0.002
77	227	0.002
852	753	0.002
1056	276	0.002
381	381	0.002
955	515	0.002
246	916	0.002
608	826	0.002
5	376	0.002
515	1313	0.002
156	144	0.002
74	246	0.002
160	621	0.002
1253	372	0.002
1015	227	0.002
1004	1004	0.002
1296	852	0.002
937	1015	0.002
1015	937	0.002
758	1056	0.002
758	753	0.002
1210	1252	0.002
310	1299	0.002
937	1031	0.002
650	621	0.002
144	852	0.002
981	156	0.002
1031	1289	0.002
1056	15	0.002
826	916	0.002
304	304	0.002
160	1056	0.002
1245	1223	0.002
32	470	0.002
1253	937	0.002
849	849	0.002
333	937	0.002
1031	937	0.002
1056	1203	0.002
153	916	0.002
916	246	0.002
1292	852	0.002
1056	275	0.002
1260	621	0.002
281	608	0.002
758	227	0.002
1278	1252	0.002
916	144	0.002
1292	1190	0.002
266	266	0.002
852	608	0.002
1296	227	0.002
246	608	0.002
937	776	0.002
227	753	0.002
608	1313	0.002
1252	916	0.002
916	160	0.002
916	374	0.002
919	1056	0.002
1031	310	0.002
883	1299	0.002
608	852	0.002
608	376	0.002
408	408	0.002
512	1031	0.002
1056	904	0.002
772	515	0.002
227	281	0.002
686	686	0.002
621	826	0.002
424	916	0.002
1292	1015	0.002
795	795	0.002
1056	832	0.002
1056	1223	0.002
772	621	0.002
937	160	0.002
227	1257	0.002
227	832	0.002
515	1031	0.002
515	156	0.002
1253	916	0.002
1056	1299	0.002
1056	780	0.002
937	376	0.002
333	1056	0.002
1172	1172	0.002
607	156	0.002
275	1190	0.002
753	608	0.002
916	1260	0.002
1292	608	0.002
582	481	0.002
1056	1289	0.002
621	65	0.002
916	826	0.002
372	1253	0.002
77	376	0.002
200	200	0.002
1260	515	0.002
1257	227	0.002
246	1253	0.002
556	246	0.002
333	246	0.002
156	608	0.002
426	426	0.002
1252	621	0.002
721	916	0.001
1292	753	0.001
1245	1252	0.001
1031	582	0.001
614	621	0.001
621	276	0.001
144	1015	0.001
607	144	0.001
5	515	0.001
156	376	0.001
566	916	0.001
1253	608	0.001
1056	160	0.001
1056	1176	0.001
381	515	0.001
780	515	0.001
1313	1253	0.001
1313	608	0.001
556	937	0.001
608	1031	0.001
1172	608	0.001
74	621	0.001
584	584	0.001
916	65	0.001
1289	1313	0.001
306	306	0.001
1056	459	0.001
1056	1252	0.001
937	515	0.001
955	916	0.001
1240	1056	0.001
1031	608	0.001
1277	1277	0.001
849	1056	0.001
403	1056	0.001
614	614	0.001
144	1176	0.001
1101	74	0.001
318	1101	0.001
870	1252	0.001
916	333	0.001
916	184	0.001
875	1299	0.001
77	753	0.001
854	854	0.001
1253	1313	0.001
1260	852	0.001
1015	1190	0.001
621	160	0.001
995	995	0.001
585	1252	0.001
1245	15	0.001
1031	376	0.001
883	227	0.001
1288	1260	0.001
937	1252	0.001
333	515	0.001
1176	376	0.001
5	77	0.001
5	607	0.001
515	937	0.001
826	852	0.001
1252	1313	0.001
916	459	0.001
582	1289	0.001
276	937	0.001
227	77	0.001
1015	1253	0.001
1182	916	0.001
246	1056	0.001
144	981	0.001
376	1176	0.001
515	246	0.001
981	515	0.001
916	5	0.001
624	1031	0.001
904	1031	0.001
470	32	0.001
1056	773	0.001
1257	608	0.001
376	246	0.001
607	1190	0.001
5	1056	0.001
156	74	0.001
74	376	0.001
753	1031	0.001
916	1296	0.001
1031	795	0.001
566	566	0.001
1293	1293	0.001
276	608	0.001
1056	333	0.001
518	916	0.001
608	144	0.001
333	607	0.001
333	74	0.001
376	77	0.001
376	937	0.001
5	621	0.001
515	826	0.001
74	1313	0.001
758	758	0.001
1223	1190	0.001
1252	608	0.001
1245	607	0.001
77	246	0.001
63	63	0.001
1299	1056	0.001
1056	955	0.001
281	621	0.001
1015	515	0.001
246	376	0.001
144	1253	0.001
798	246	0.001
1252	937	0.001
408	916	0.001
64	1299	0.001
692	692	0.001
1277	906	0.001
276	1015	0.001
1056	381	0.001
454	650	0.001
621	1190	0.001
621	556	0.001
376	1031	0.001
74	1056	0.001
753	227	0.001
916	758	0.001
1292	1257	0.001
1245	1260	0.001
1031	64	0.001
1031	753	0.001
1289	1100	0.001
875	916	0.001
692	306	0.001
852	1190	0.001
1056	5	0.001
862	832	0.001
1015	376	0.001
650	376	0.001
246	1031	0.001
826	608	0.001
156	916	0.001
244	666	0.001
211	211	0.001
1190	621	0.001
1292	1031	0.001
1031	1253	0.001
372	621	0.001
1203	621	0.001
937	1253	0.001
454	621	0.001
246	144	0.001
144	753	0.001
607	753	0.001
1292	376	0.001
1031	1100	0.001
624	624	0.001
985	1299	0.001
1100	376	0.001
333	1031	0.001
607	74	0.001
156	1056	0.001
798	798	0.001
184	1056	0.001
114	916	0.001
753	515	0.001
916	772	0.001
1292	919	0.001
1245	919	0.001
64	310	0.001
852	1031	0.001
852	1257	0.001
276	227	0.001
776	776	0.001
281	376	0.001
403	916	0.001
1261	1261	0.001
1015	753	0.001
246	515	0.001
144	1289	0.001
376	753	0.001
753	376	0.001
160	937	0.001
1031	852	0.001
1031	246	0.001
855	855	0.001
77	852	0.001
77	607	0.001
692	1076	0.001
1056	919	0.001
1056	1229	0.001
832	608	0.001
1015	144	0.001
607	5	0.001
826	607	0.001
559	559	0.001
919	1190	0.001
1031	1313	0.001
481	1100	0.001
906	1277	0.001
1253	1015	0.001
1296	281	0.001
518	1056	0.001
246	74	0.001
621	372	0.001
156	621	0.001
553	916	0.001
1190	1292	0.001
919	1292	0.001
1245	77	0.001
1076	1100	0.001
852	77	0.001
852	1015	0.001
1056	403	0.001
1296	376	0.001
937	276	0.001
937	333	0.001
832	937	0.001
227	1292	0.001
608	246	0.001
376	1313	0.001
607	227	0.001
515	1176	0.001
74	144	0.001
141	141	0.001
374	374	0.001
1245	65	0.001
795	1299	0.001
682	682	0.001
77	1190	0.001
1299	916	0.001
1299	621	0.001
1257	1031	0.001
1257	376	0.001
1257	515	0.001
518	276	0.001
621	1229	0.001
556	144	0.001
607	937	0.001
515	1253	0.001
1240	1240	0.001
553	553	0.001
153	1056	0.001
753	937	0.001
916	1176	0.001
1190	376	0.001
959	1056	0.001
1031	408	0.001
131	1299	0.001
904	621	0.001
906	1076	0.001
615	615	0.001
852	281	0.001
1056	959	0.001
1056	915	0.001
937	406	0.001
1257	937	0.001
862	753	0.001
227	518	0.001
1313	916	0.001
246	1313	0.001
144	5	0.001
156	333	0.001
1190	608	0.001
1190	753	0.001
408	1299	0.001
883	1056	0.001
1100	621	0.001
1253	1056	0.001
1056	65	0.001
1203	144	0.001
772	852	0.001
937	1229	0.001
621	1245	0.001
607	1031	0.001
607	1176	0.001
5	608	0.001
826	515	0.001
981	826	0.001
74	854	0.001
400	515	0.001
1156	1156	0.001
1252	184	0.001
1305	1252	0.001
916	156	0.001
916	1240	0.001
1245	832	0.001
1031	875	0.001
1289	582	0.001
470	1004	0.001
852	1253	0.001
852	607	0.001
1056	1240	0.001
1015	1252	0.001
494	650	0.001
608	1260	0.001
758	77	0.001
758	74	0.001
426	916	0.001
1252	153	0.001
374	1056	0.001
254	254	0.001
682	1299	0.001
200	515	0.001
852	1313	0.001
1299	753	0.001
1056	481	0.001
915	515	0.001
1260	144	0.001
1260	376	0.001
832	1015	0.001
227	955	0.001
454	916	0.001
1313	621	0.001
608	1252	0.001
826	144	0.001
981	74	0.001
758	515	0.001
1223	1292	0.001
98	98	0.001
277	1252	0.001
916	372	0.001
1190	77	0.001
1190	1015	0.001
613	613	0.001
1245	1313	0.001
1031	607	0.001
1031	515	0.001
883	937	0.001
985	64	0.001
131	1031	0.001
1100	852	0.001
1056	650	0.001
1056	184	0.001
849	454	0.001
1296	621	0.001
281	1190	0.001
1257	1245	0.001
403	227	0.001
227	607	0.001
621	1146	0.001
621	156	0.001
376	227	0.001
607	246	0.001
5	1190	0.001
981	246	0.001
981	608	0.001
798	621	0.001
74	916	0.001
871	916	0.001
525	525	0.001
916	909	0.001
919	1223	0.001
597	1031	0.001
1288	1288	0.001
968	968	0.001
32	906	0.001
852	276	0.001
852	515	0.001
1056	406	0.001
1203	852	0.001
772	77	0.001
1023	1023	0.001
1257	77	0.001
955	1296	0.001
403	403	0.001
689	689	0.001
827	827	0.001
518	937	0.001
454	1253	0.001
1146	773	0.001
621	1292	0.001
621	333	0.001
621	74	0.001
144	74	0.001
981	333	0.001
74	937	0.001
758	852	0.001
426	141	0.001
753	607	0.001
916	1229	0.001
1190	1245	0.001
959	1245	0.001
1292	1223	0.001
1245	160	0.001
1245	937	0.001
310	916	0.001
254	1299	0.001
320	1299	0.001
695	1031	0.001
695	1299	0.001
852	832	0.001
1056	975	0.001
1260	227	0.001
1260	607	0.001
780	852	0.001
1296	608	0.001
281	937	0.001
955	607	0.001
227	1296	0.001
227	333	0.001
1015	607	0.001
650	916	0.001
773	937	0.001
1313	144	0.001
246	77	0.001
246	227	0.001
1176	916	0.001
826	74	0.001
156	246	0.001
183	156	0.001
1223	1245	0.001
1223	621	0.001
1252	1253	0.001
753	77	0.001
160	376	0.001
1190	852	0.001
1245	184	0.001
1031	883	0.001
1031	77	0.001
1031	333	0.001
582	1100	0.001
25	1031	0.001
77	937	0.001
881	477	0.001
673	673	0.001
1299	852	0.001
1056	1100	0.001
1296	1015	0.001
281	1296	0.001
862	621	0.001
832	376	0.001
832	515	0.001
955	77	0.001
1015	1245	0.001
650	494	0.001
246	852	0.001
246	333	0.001
621	909	0.001
621	832	0.001
608	1253	0.001
608	518	0.001
1176	607	0.001
515	5	0.001
981	144	0.001
981	798	0.001
1223	227	0.001
153	1253	0.001
753	852	0.001
160	852	0.001
916	1299	0.001
1245	275	0.001
883	852	0.001
566	1299	0.001
597	1299	0.001
904	1076	0.001
904	1056	0.001
32	429	0.001
1253	1031	0.001
65	1253	0.001
852	1245	0.001
1056	374	0.001
1056	518	0.001
772	608	0.001
780	621	0.001
937	607	0.001
776	227	0.001
617	617	0.001
227	826	0.001
1313	556	0.001
246	607	0.001
621	406	0.001
621	281	0.001
621	1176	0.001
608	156	0.001
333	852	0.001
144	227	0.001
376	1253	0.001
607	1252	0.001
826	246	0.001
826	333	0.001
275	227	0.001
160	608	0.001
160	607	0.001
916	613	0.001
959	1190	0.001
919	1245	0.001
919	281	0.001
1245	1296	0.001
883	621	0.001
64	916	0.001
1289	1056	0.001
1289	937	0.001
1289	515	0.001
968	904	0.001
189	189	0.001
1076	904	0.001
914	914	0.001
1105	1105	0.001
65	621	0.001
381	621	0.001
1160	1160	0.001
937	753	0.001
1257	1190	0.001
1257	1015	0.001
1257	607	0.001
1261	1056	0.001
518	852	0.001
650	1253	0.001
773	1313	0.001
556	916	0.001
608	318	0.001
1176	515	0.001
607	1313	0.001
74	266	0.001
74	1101	0.001
504	1252	0.001
753	246	0.001
916	406	0.001
916	849	0.001
916	650	0.001
1190	227	0.001
15	1190	0.001
1292	281	0.001
1245	333	0.001
1031	1245	0.001
1031	855	0.001
1031	1257	0.001
883	408	0.001
883	608	0.001
512	512	0.001
77	1245	0.001
1100	904	0.001
904	937	0.001
429	429	0.001
306	1076	0.001
1299	310	0.001
1056	981	0.001
459	852	0.001
772	144	0.001
1092	77	0.001
780	144	0.001
776	621	0.001
617	827	0.001
518	621	0.001
650	608	0.001
773	1253	0.001
1146	916	0.001
1146	937	0.001
1146	650	0.001
1303	1303	0.001
1313	1031	0.001
608	77	0.001
333	156	0.001
144	65	0.001
144	1299	0.001
607	1257	0.001
607	333	0.001
607	826	0.001
515	852	0.001
74	852	0.001
792	621	0.001
1223	852	0.001
134	74	0.001
4	1252	0.001
753	1015	0.001
753	144	0.001
160	77	0.001
916	276	0.001
569	916	0.001
1245	959	0.001
1031	1292	0.001
64	621	0.001
1030	1299	0.001
1120	1299	0.001
77	1257	0.001
909	937	0.001
1004	470	0.001
1299	515	0.001
276	1031	0.001
381	144	0.001
772	1253	0.001
281	77	0.001
281	1015	0.001
1257	1292	0.001
403	852	0.001
227	246	0.001
518	1015	0.001
1015	65	0.001
686	246	0.001
494	621	0.001
621	459	0.001
621	650	0.001
798	333	0.001
74	1031	0.001
1240	1190	0.001
1240	227	0.001
141	916	0.001
1101	608	0.001
318	74	0.001
1156	621	0.001
1305	1305	0.001
916	403	0.001
1190	15	0.001
1190	919	0.001
1190	1223	0.001
721	721	0.001
919	621	0.001
919	275	0.001
1292	275	0.001
1245	1253	0.001
1031	320	0.001
1031	832	0.001
1031	227	0.001
1031	826	0.001
408	481	0.001
1289	608	0.001
372	1015	0.001
77	515	0.001
1253	1229	0.001
1253	376	0.001
65	937	0.001
1299	1257	0.001
1056	266	0.001
1056	792	0.001
915	144	0.001
381	608	0.001
281	1031	0.001
1257	1299	0.001
1257	862	0.001
955	937	0.001
827	916	0.001
227	160	0.001
227	276	0.001
227	1176	0.001
1015	372	0.001
454	1313	0.001
1279	1313	0.001
247	621	0.001
246	753	0.001
621	904	0.001
621	518	0.001
621	773	0.001
608	1015	0.001
1172	1260	0.001
376	156	0.001
1176	608	0.001
607	852	0.001
5	1176	0.001
515	333	0.001
826	1056	0.001
1093	156	0.001
1240	1245	0.001
275	608	0.001
1223	1015	0.001
1223	608	0.001
1101	333	0.001
1101	559	0.001
1101	653	0.001
1252	114	0.001
184	1245	0.001
753	1257	0.001
919	1015	0.0
1292	15	0.0
1292	77	0.0
1292	607	0.0
1245	144	0.0
1031	1076	0.0
408	1056	0.0
883	310	0.0
64	608	0.0
945	1299	0.0
1100	1031	0.0
904	372	0.0
32	1076	0.0
1277	1076	0.0
662	1100	0.0
1253	65	0.0
1253	74	0.0
852	1260	0.0
1299	608	0.0
276	1190	0.0
1056	372	0.0
1203	607	0.0
1296	144	0.0
937	556	0.0
776	916	0.0
281	1313	0.0
281	144	0.0
862	1056	0.0
955	621	0.0
403	955	0.0
1261	227	0.0
227	1313	0.0
1015	281	0.0
614	916	0.0
614	650	0.0
1313	65	0.0
246	826	0.0
621	1299	0.0
621	247	0.0
556	1056	0.0
333	518	0.0
333	1313	0.0
376	1015	0.0
376	74	0.0
1176	1056	0.0
607	160	0.0
156	77	0.0
488	981	0.0
74	1105	0.0
74	981	0.0
758	937	0.0
275	1292	0.0
275	1245	0.0
275	621	0.0
1223	15	0.0
318	518	0.0
153	608	0.0
753	1190	0.0
753	1313	0.0
916	553	0.0
916	114	0.0
916	153	0.0
721	1190	0.0
919	753	0.0
1292	515	0.0
1245	758	0.0
1031	1190	0.0
1031	566	0.0
1031	276	0.0
1031	1015	0.0
254	310	0.0
359	1031	0.0
597	597	0.0
77	955	0.0
77	5	0.0
909	1260	0.0
1100	77	0.0
904	1253	0.0
904	246	0.0
1004	429	0.0
266	916	0.0
1253	515	0.0
852	246	0.0
1056	1076	0.0
1056	758	0.0
1056	153	0.0
772	1313	0.0
1296	1190	0.0
1296	77	0.0
281	607	0.0
1257	276	0.0
1257	144	0.0
227	909	0.0
227	144	0.0
518	608	0.0
1015	1031	0.0
1015	276	0.0
1015	826	0.0
773	621	0.0
751	751	0.0
454	1056	0.0
1146	1253	0.0
1313	74	0.0
247	916	0.0
382	382	0.0
144	372	0.0
144	1076	0.0
1176	621	0.0
607	1245	0.0
515	1299	0.0
515	1296	0.0
515	281	0.0
156	852	0.0
981	621	0.0
798	826	0.0
758	1245	0.0
758	608	0.0
758	1223	0.0
424	1056	0.0
424	515	0.0
864	916	0.0
275	1223	0.0
1223	919	0.0
274	274	0.0
943	943	0.0
1006	1006	0.0
118	1252	0.0
114	1056	0.0
753	281	0.0
753	832	0.0
916	454	0.0
916	74	0.0
15	621	0.0
919	1031	0.0
1031	481	0.0
1031	904	0.0
1031	144	0.0
310	566	0.0
408	310	0.0
1289	246	0.0
582	1313	0.0
1211	1299	0.0
1034	1031	0.0
77	15	0.0
77	1031	0.0
77	1313	0.0
1032	477	0.0
470	906	0.0
906	32	0.0
1253	246	0.0
687	687	0.0
1299	144	0.0
1056	1293	0.0
1203	227	0.0
1203	376	0.0
849	1190	0.0
381	852	0.0
772	1292	0.0
772	937	0.0
772	227	0.0
1018	1253	0.0
937	65	0.0
1257	1253	0.0
832	1253	0.0
832	1313	0.0
1074	227	0.0
689	227	0.0
227	15	0.0
1015	1292	0.0
1015	459	0.0
650	1313	0.0
686	515	0.0
614	515	0.0
1313	607	0.0
621	1289	0.0
556	1313	0.0
556	607	0.0
608	1245	0.0
608	1176	0.0
333	144	0.0
333	318	0.0
144	1190	0.0
607	281	0.0
607	995	0.0
5	1245	0.0
515	904	0.0
515	1015	0.0
515	753	0.0
156	981	0.0
183	515	0.0
74	792	0.0
792	74	0.0
255	916	0.0
1101	826	0.0
525	400	0.0
1252	1056	0.0
114	153	0.0
4	4	0.0
916	780	0.0
916	955	0.0
916	1261	0.0
1190	275	0.0
15	608	0.0
919	15	0.0
1292	832	0.0
1245	406	0.0
1031	512	0.0
310	1056	0.0
883	566	0.0
359	1299	0.0
1120	1031	0.0
945	1031	0.0
372	1313	0.0
372	608	0.0
1100	826	0.0
477	63	0.0
50	63	0.0
200	1100	0.0
200	1056	0.0
1076	621	0.0
914	906	0.0
266	1056	0.0
730	730	0.0
1299	875	0.0
276	333	0.0
1056	909	0.0
1056	304	0.0
459	1190	0.0
1203	1031	0.0
1203	1015	0.0
772	1190	0.0
772	1023	0.0
772	376	0.0
1023	772	0.0
780	1031	0.0
1296	1031	0.0
1296	607	0.0
1296	753	0.0
937	74	0.0
1257	758	0.0
832	1292	0.0
832	1031	0.0
832	77	0.0
955	518	0.0
955	608	0.0
955	376	0.0
1074	955	0.0
689	1056	0.0
227	1223	0.0
1015	160	0.0
686	1313	0.0
1229	1303	0.0
247	376	0.0
1281	1281	0.0
58	58	0.0
621	776	0.0
621	454	0.0
556	1253	0.0
333	1253	0.0
333	1299	0.0
144	1051	0.0
376	333	0.0
607	374	0.0
515	227	0.0
826	937	0.0
826	156	0.0
981	607	0.0
798	1031	0.0
183	981	0.0
141	426	0.0
275	15	0.0
1223	275	0.0
584	621	0.0
1101	1006	0.0
318	333	0.0
653	653	0.0
400	1056	0.0
1252	65	0.0
211	937	0.0
114	621	0.0
153	937	0.0
916	1146	0.0
916	304	0.0
15	1245	0.0
15	1031	0.0
15	227	0.0
1292	937	0.0
1245	281	0.0
1245	403	0.0
624	916	0.0
408	566	0.0
883	795	0.0
254	916	0.0
1289	1253	0.0
582	1056	0.0
1211	1031	0.0
875	1190	0.0
601	1299	0.0
77	160	0.0
77	1292	0.0
406	937	0.0
904	916	0.0
904	144	0.0
189	904	0.0
32	1277	0.0
1004	32	0.0
405	306	0.0
370	692	0.0
906	914	0.0
212	266	0.0
673	615	0.0
852	518	0.0
852	650	0.0
459	1015	0.0
1203	937	0.0
1203	608	0.0
915	621	0.0
381	376	0.0
1018	621	0.0
1260	1031	0.0
780	376	0.0
937	518	0.0
937	156	0.0
281	246	0.0
1257	1313	0.0
1261	224	0.0
227	184	0.0
1015	1296	0.0
614	1253	0.0
454	937	0.0
1146	246	0.0
1182	621	0.0
1303	1229	0.0
961	961	0.0
1313	1252	0.0
247	1056	0.0
1281	1056	0.0
246	156	0.0
621	919	0.0
621	849	0.0
608	832	0.0
1172	333	0.0
144	615	0.0
144	1260	0.0
376	5	0.0
607	1292	0.0
5	852	0.0
5	915	0.0
515	832	0.0
515	955	0.0
826	1031	0.0
156	1313	0.0
981	916	0.0
981	1031	0.0
798	515	0.0
183	826	0.0
74	77	0.0
74	281	0.0
792	333	0.0
1223	77	0.0
134	134	0.0
244	244	0.0
995	916	0.0
584	916	0.0
584	937	0.0
1101	515	0.0
1101	645	0.0
318	608	0.0
400	916	0.0
400	607	0.0
1252	376	0.0
753	1245	0.0
160	144	0.0
916	1100	0.0
916	247	0.0
916	141	0.0
1190	1257	0.0
569	1190	0.0
919	607	0.0
1292	772	0.0
1292	1260	0.0
1031	254	0.0
1031	406	0.0
1031	1229	0.0
310	1100	0.0
310	753	0.0
408	1100	0.0
883	481	0.0
254	566	0.0
630	1031	0.0
25	1299	0.0
512	1299	0.0
875	1292	0.0
875	1289	0.0
372	916	0.0
372	937	0.0
77	281	0.0
77	826	0.0
711	904	0.0
692	600	0.0
306	692	0.0
517	1076	0.0
600	692	0.0
673	1293	0.0
852	1229	0.0
276	515	0.0
1056	454	0.0
1203	904	0.0
849	1253	0.0
915	1245	0.0
772	1031	0.0
1023	916	0.0
1260	608	0.0
780	608	0.0
780	753	0.0
937	281	0.0
281	333	0.0
281	826	0.0
281	156	0.0
1257	281	0.0
862	862	0.0
832	1190	0.0
832	909	0.0
832	758	0.0
955	281	0.0
955	1015	0.0
227	1253	0.0
227	156	0.0
227	275	0.0
227	1252	0.0
1015	77	0.0
1015	849	0.0
1015	1257	0.0
1015	1313	0.0
773	608	0.0
31	31	0.0
454	494	0.0
1146	77	0.0
1146	494	0.0
1313	372	0.0
247	852	0.0
247	607	0.0
478	478	0.0
246	160	0.0
246	65	0.0
621	584	0.0
608	276	0.0
608	1101	0.0
333	1245	0.0
333	77	0.0
1172	937	0.0
144	318	0.0
376	1190	0.0
376	1257	0.0
607	1299	0.0
515	1292	0.0
515	1289	0.0
826	832	0.0
826	753	0.0
156	937	0.0
981	276	0.0
488	156	0.0
792	916	0.0
792	937	0.0
792	826	0.0
792	156	0.0
1240	919	0.0
1240	621	0.0
758	955	0.0
424	74	0.0
426	864	0.0
426	275	0.0
255	255	0.0
995	621	0.0
318	653	0.0
318	810	0.0
400	74	0.0
1252	74	0.0
1252	211	0.0
1305	916	0.0
753	1253	0.0
753	1299	0.0
916	904	0.0
916	266	0.0
916	518	0.0
1190	1031	0.0
1190	832	0.0
15	1292	0.0
613	1056	0.0
919	608	0.0
919	376	0.0
919	515	0.0
1292	959	0.0
1245	909	0.0
1245	772	0.0
1031	160	0.0
1031	597	0.0
1031	74	0.0
624	318	0.0
310	481	0.0
310	621	0.0
408	753	0.0
883	515	0.0
566	621	0.0
1211	1289	0.0
1034	1299	0.0
682	1289	0.0
855	1289	0.0
975	1031	0.0
77	650	0.0
909	1288	0.0
909	1313	0.0
909	621	0.0
1100	916	0.0
1100	1299	0.0
481	1299	0.0
63	406	0.0
237	63	0.0
1011	63	0.0
904	515	0.0
711	189	0.0
1001	200	0.0
470	904	0.0
470	1076	0.0
470	429	0.0
517	600	0.0
600	600	0.0
309	906	0.0
65	1015	0.0
852	372	0.0
852	1100	0.0
852	144	0.0
852	156	0.0
1299	1015	0.0
1299	376	0.0
276	281	0.0
1056	408	0.0
1056	849	0.0
1056	400	0.0
1203	1190	0.0
915	608	0.0
915	607	0.0
381	156	0.0
780	227	0.0
1296	937	0.0
1296	955	0.0
281	1292	0.0
1257	333	0.0
862	852	0.0
862	1015	0.0
832	1245	0.0
832	826	0.0
1074	1074	0.0
403	515	0.0
1261	1092	0.0
1261	937	0.0
227	65	0.0
227	1299	0.0
518	281	0.0
1015	919	0.0
1015	832	0.0
1015	275	0.0
650	852	0.0
650	937	0.0
650	773	0.0
773	916	0.0
1146	1056	0.0
1146	515	0.0
1313	1289	0.0
1313	515	0.0
1313	304	0.0
246	372	0.0
621	758	0.0
608	372	0.0
608	74	0.0
608	753	0.0
333	160	0.0
333	1252	0.0
333	753	0.0
144	904	0.0
144	1257	0.0
144	333	0.0
1051	1051	0.0
376	160	0.0
376	276	0.0
376	1296	0.0
376	650	0.0
607	650	0.0
515	1257	0.0
826	77	0.0
826	981	0.0
798	74	0.0
771	276	0.0
771	981	0.0
183	276	0.0
183	144	0.0
74	1253	0.0
758	1190	0.0
758	1292	0.0
758	1015	0.0
864	864	0.0
275	852	0.0
1223	753	0.0
1101	943	0.0
1101	825	0.0
318	1006	0.0
810	810	0.0
645	645	0.0
825	825	0.0
400	247	0.0
525	621	0.0
1252	1015	0.0
553	333	0.0
184	621	0.0
277	277	0.0
753	333	0.0
160	227	0.0
160	753	0.0
916	721	0.0
916	556	0.0
1190	937	0.0
1190	281	0.0
15	753	0.0
959	607	0.0
613	1031	0.0
721	1056	0.0
919	852	0.0
919	1313	0.0
1292	1299	0.0
1292	1296	0.0
1292	758	0.0
1292	1252	0.0
1245	372	0.0
1245	1176	0.0
1245	1240	0.0
1031	65	0.0
1031	318	0.0
310	883	0.0
310	64	0.0
408	883	0.0
408	608	0.0
883	875	0.0
566	1056	0.0
566	753	0.0
64	1313	0.0
1289	1030	0.0
1211	582	0.0
359	359	0.0
512	937	0.0
320	333	0.0
1030	916	0.0
1030	1030	0.0
875	1056	0.0
1120	1120	0.0
601	1031	0.0
601	695	0.0
77	919	0.0
77	74	0.0
77	1252	0.0
1100	607	0.0
835	835	0.0
904	406	0.0
200	608	0.0
470	1277	0.0
405	1076	0.0
1020	692	0.0
615	1056	0.0
852	1299	0.0
852	247	0.0
852	184	0.0
1299	1100	0.0
1299	276	0.0
1299	246	0.0
1299	156	0.0
276	1257	0.0
276	518	0.0
276	753	0.0
1056	1023	0.0
1056	614	0.0
1056	247	0.0
1056	382	0.0
1056	426	0.0
459	515	0.0
1203	753	0.0
849	227	0.0
849	650	0.0
849	304	0.0
381	1299	0.0
381	227	0.0
381	607	0.0
381	753	0.0
772	1245	0.0
772	607	0.0
1023	1056	0.0
1023	515	0.0
1160	916	0.0
1092	937	0.0
1260	1190	0.0
1260	77	0.0
780	1292	0.0
780	1260	0.0
1296	1245	0.0
1296	1313	0.0
937	832	0.0
281	919	0.0
281	372	0.0
1257	65	0.0
832	1299	0.0
832	333	0.0
955	1313	0.0
125	125	0.0
409	1056	0.0
409	409	0.0
617	1056	0.0
69	607	0.0
227	372	0.0
227	772	0.0
